solid A6_Filament_Guide_Remix_V.3_Left_Slot
   facet normal -1.003736e-02 -9.999496e-01 -0.000000e+00
      outer loop
         vertex 2.685359e+01 9.550137e+00 2.246439e+00
         vertex 2.464550e+01 9.572301e+00 2.246439e+00
         vertex 2.685359e+01 9.550137e+00 2.023918e+00
      endloop
   endfacet
   facet normal 1.003736e-02 9.999496e-01 0.000000e+00
      outer loop
         vertex 2.685359e+01 9.550137e+00 2.246439e+00
         vertex 2.685359e+01 9.550137e+00 2.023918e+00
         vertex 2.464550e+01 9.572301e+00 2.246439e+00
      endloop
   endfacet
   facet normal -9.317070e-01 3.626843e-01 -1.954904e-02
      outer loop
         vertex 5.061152e+01 1.720053e+01 4.258032e+00
         vertex 5.060167e+01 1.716957e+01 4.153064e+00
         vertex 5.053555e+01 1.698477e+01 3.875868e+00
      endloop
   endfacet
   facet normal 9.317070e-01 -3.626843e-01 1.954904e-02
      outer loop
         vertex 5.061152e+01 1.720053e+01 4.258032e+00
         vertex 5.053555e+01 1.698477e+01 3.875868e+00
         vertex 5.060167e+01 1.716957e+01 4.153064e+00
      endloop
   endfacet
   facet normal -7.961525e-02 -7.048666e-01 7.048578e-01
      outer loop
         vertex 6.208779e+01 2.243196e+01 4.004284e-01
         vertex 6.208779e+01 2.227362e+01 2.420867e-01
         vertex 6.221986e+01 2.243463e+01 4.180095e-01
      endloop
   endfacet
   facet normal 7.961525e-02 7.048666e-01 -7.048578e-01
      outer loop
         vertex 6.208779e+01 2.227362e+01 2.420867e-01
         vertex 6.208779e+01 2.243196e+01 4.004284e-01
         vertex 6.221986e+01 2.243463e+01 4.180095e-01
      endloop
   endfacet
   facet normal -9.492035e-01 1.593148e-01 2.713511e-01
      outer loop
         vertex 6.297070e+01 3.419651e+00 6.148451e-01
         vertex 6.307506e+01 3.539723e+00 9.093819e-01
         vertex 6.306272e+01 3.650135e+00 8.013972e-01
      endloop
   endfacet
   facet normal 9.492035e-01 -1.593148e-01 -2.713511e-01
      outer loop
         vertex 6.307506e+01 3.539723e+00 9.093819e-01
         vertex 6.297070e+01 3.419651e+00 6.148451e-01
         vertex 6.306272e+01 3.650135e+00 8.013972e-01
      endloop
   endfacet
   facet normal 6.709004e-01 -1.837729e-01 -7.184151e-01
      outer loop
         vertex 6.287228e+01 3.518063e+00 4.180095e-01
         vertex 6.276306e+01 3.310849e+00 3.690141e-01
         vertex 6.262540e+01 3.428982e+00 2.102392e-01
      endloop
   endfacet
   facet normal -6.709004e-01 1.837729e-01 7.184151e-01
      outer loop
         vertex 6.287228e+01 3.518063e+00 4.180095e-01
         vertex 6.262540e+01 3.428982e+00 2.102392e-01
         vertex 6.276306e+01 3.310849e+00 3.690141e-01
      endloop
   endfacet
   facet normal 7.962042e-02 -7.048647e-01 -7.048591e-01
      outer loop
         vertex 6.221986e+01 2.865643e+00 4.180095e-01
         vertex 6.208779e+01 2.868306e+00 4.004284e-01
         vertex 6.208779e+01 3.026646e+00 2.420867e-01
      endloop
   endfacet
   facet normal -7.962042e-02 7.048647e-01 7.048591e-01
      outer loop
         vertex 6.221986e+01 2.865643e+00 4.180095e-01
         vertex 6.208779e+01 3.026646e+00 2.420867e-01
         vertex 6.208779e+01 2.868306e+00 4.004284e-01
      endloop
   endfacet
   facet normal 1.060097e-01 2.933963e-01 -9.500950e-01
      outer loop
         vertex 5.145730e+01 3.241063e+00 1.090683e+01
         vertex 5.157738e+01 3.535595e+00 1.101118e+01
         vertex 5.168779e+01 3.216252e+00 1.092489e+01
      endloop
   endfacet
   facet normal -1.060097e-01 -2.933963e-01 9.500950e-01
      outer loop
         vertex 5.157738e+01 3.535595e+00 1.101118e+01
         vertex 5.145730e+01 3.241063e+00 1.090683e+01
         vertex 5.168779e+01 3.216252e+00 1.092489e+01
      endloop
   endfacet
   facet normal -8.611148e-02 -6.595064e-01 -7.467503e-01
      outer loop
         vertex 5.168779e+01 2.868306e+00 4.004284e-01
         vertex 5.155572e+01 2.865643e+00 4.180095e-01
         vertex 5.146664e+01 3.112530e+00 2.102392e-01
      endloop
   endfacet
   facet normal 8.611148e-02 6.595064e-01 7.467503e-01
      outer loop
         vertex 5.168779e+01 2.868306e+00 4.004284e-01
         vertex 5.146664e+01 3.112530e+00 2.102392e-01
         vertex 5.155572e+01 2.865643e+00 4.180095e-01
      endloop
   endfacet
   facet normal 9.761093e-01 3.170155e-02 -2.149552e-01
      outer loop
         vertex 5.064450e+01 8.115017e+00 4.606416e+00
         vertex 5.058431e+01 8.352147e+00 4.368051e+00
         vertex 5.059095e+01 8.389927e+00 4.403784e+00
      endloop
   endfacet
   facet normal -9.761093e-01 -3.170155e-02 2.149552e-01
      outer loop
         vertex 5.058431e+01 8.352147e+00 4.368051e+00
         vertex 5.064450e+01 8.115017e+00 4.606416e+00
         vertex 5.059095e+01 8.389927e+00 4.403784e+00
      endloop
   endfacet
   facet normal -9.381670e-01 -1.494155e-01 3.122781e-01
      outer loop
         vertex 5.050047e+01 8.572247e+00 4.131832e+00
         vertex 5.050546e+01 8.605007e+00 4.162492e+00
         vertex 5.037414e+01 8.854573e+00 3.887392e+00
      endloop
   endfacet
   facet normal 9.381670e-01 1.494155e-01 -3.122781e-01
      outer loop
         vertex 5.050546e+01 8.605007e+00 4.162492e+00
         vertex 5.050047e+01 8.572247e+00 4.131832e+00
         vertex 5.037414e+01 8.854573e+00 3.887392e+00
      endloop
   endfacet
   facet normal 9.803576e-01 6.409783e-02 -1.865221e-01
      outer loop
         vertex 5.058431e+01 8.352147e+00 4.368051e+00
         vertex 5.064018e+01 8.073765e+00 4.566028e+00
         vertex 5.058142e+01 8.327710e+00 4.344498e+00
      endloop
   endfacet
   facet normal -9.803576e-01 -6.409783e-02 1.865221e-01
      outer loop
         vertex 5.058431e+01 8.352147e+00 4.368051e+00
         vertex 5.058142e+01 8.327710e+00 4.344498e+00
         vertex 5.064018e+01 8.073765e+00 4.566028e+00
      endloop
   endfacet
   facet normal -9.603177e-01 -8.301204e-02 2.662684e-01
      outer loop
         vertex 5.058431e+01 8.352147e+00 4.368051e+00
         vertex 5.059095e+01 8.389927e+00 4.403784e+00
         vertex 5.050546e+01 8.605007e+00 4.162492e+00
      endloop
   endfacet
   facet normal 9.603177e-01 8.301204e-02 -2.662684e-01
      outer loop
         vertex 5.059095e+01 8.389927e+00 4.403784e+00
         vertex 5.058431e+01 8.352147e+00 4.368051e+00
         vertex 5.050546e+01 8.605007e+00 4.162492e+00
      endloop
   endfacet
   facet normal -9.673920e-01 -1.325907e-01 2.158066e-01
      outer loop
         vertex 5.049668e+01 8.524060e+00 4.085242e+00
         vertex 5.058142e+01 8.327710e+00 4.344498e+00
         vertex 5.050047e+01 8.572247e+00 4.131832e+00
      endloop
   endfacet
   facet normal 9.673920e-01 1.325907e-01 -2.158066e-01
      outer loop
         vertex 5.058142e+01 8.327710e+00 4.344498e+00
         vertex 5.049668e+01 8.524060e+00 4.085242e+00
         vertex 5.050047e+01 8.572247e+00 4.131832e+00
      endloop
   endfacet
   facet normal -9.973847e-01 -0.000000e+00 -7.227502e-02
      outer loop
         vertex 2.317768e+01 1.475718e+01 1.852952e+00
         vertex 2.317768e+01 1.075718e+01 1.852952e+00
         vertex 2.295581e+01 1.475718e+01 4.914815e+00
      endloop
   endfacet
   facet normal -9.973847e-01 -0.000000e+00 -7.227502e-02
      outer loop
         vertex 2.295581e+01 1.475718e+01 4.914815e+00
         vertex 2.317768e+01 1.075718e+01 1.852952e+00
         vertex 2.295581e+01 1.075718e+01 4.914815e+00
      endloop
   endfacet
   facet normal 5.872972e-03 0.000000e+00 -9.999828e-01
      outer loop
         vertex 5.228779e+01 1.475718e+01 2.023918e+00
         vertex 5.228779e+01 1.075718e+01 2.023918e+00
         vertex 2.317768e+01 1.475718e+01 1.852952e+00
      endloop
   endfacet
   facet normal 5.872972e-03 0.000000e+00 -9.999828e-01
      outer loop
         vertex 2.317768e+01 1.475718e+01 1.852952e+00
         vertex 5.228779e+01 1.075718e+01 2.023918e+00
         vertex 2.317768e+01 1.075718e+01 1.852952e+00
      endloop
   endfacet
   facet normal 1.000000e+00 0.000000e+00 0.000000e+00
      outer loop
         vertex 5.228779e+01 1.475718e+01 1.092489e+01
         vertex 5.228779e+01 1.075718e+01 1.092489e+01
         vertex 5.228779e+01 1.475718e+01 2.023918e+00
      endloop
   endfacet
   facet normal 1.000000e+00 0.000000e+00 0.000000e+00
      outer loop
         vertex 5.228779e+01 1.475718e+01 2.023918e+00
         vertex 5.228779e+01 1.075718e+01 1.092489e+01
         vertex 5.228779e+01 1.075718e+01 2.023918e+00
      endloop
   endfacet
   facet normal -2.007279e-01 0.000000e+00 9.796470e-01
      outer loop
         vertex 2.295581e+01 1.475718e+01 4.914815e+00
         vertex 2.295581e+01 1.075718e+01 4.914815e+00
         vertex 5.228779e+01 1.475718e+01 1.092489e+01
      endloop
   endfacet
   facet normal -2.007279e-01 0.000000e+00 9.796470e-01
      outer loop
         vertex 5.228779e+01 1.475718e+01 1.092489e+01
         vertex 2.295581e+01 1.075718e+01 4.914815e+00
         vertex 5.228779e+01 1.075718e+01 1.092489e+01
      endloop
   endfacet
   facet normal -0.000000e+00 -1.000000e+00 0.000000e+00
      outer loop
         vertex 5.228779e+01 1.075718e+01 2.023918e+00
         vertex 5.228779e+01 1.075718e+01 1.092489e+01
         vertex 2.317768e+01 1.075718e+01 1.852952e+00
      endloop
   endfacet
   facet normal 0.000000e+00 -1.000000e+00 0.000000e+00
      outer loop
         vertex 2.317768e+01 1.075718e+01 1.852952e+00
         vertex 5.228779e+01 1.075718e+01 1.092489e+01
         vertex 2.295581e+01 1.075718e+01 4.914815e+00
      endloop
   endfacet
   facet normal 0.000000e+00 1.000000e+00 0.000000e+00
      outer loop
         vertex 5.228779e+01 1.475718e+01 1.092489e+01
         vertex 5.228779e+01 1.475718e+01 2.023918e+00
         vertex 2.295581e+01 1.475718e+01 4.914815e+00
      endloop
   endfacet
   facet normal 0.000000e+00 1.000000e+00 0.000000e+00
      outer loop
         vertex 2.295581e+01 1.475718e+01 4.914815e+00
         vertex 5.228779e+01 1.475718e+01 2.023918e+00
         vertex 2.317768e+01 1.475718e+01 1.852952e+00
      endloop
   endfacet
   facet normal -8.505893e-02 -6.031315e-01 -7.930936e-01
      outer loop
         vertex 1.167960e+01 7.374135e-01 7.322330e-01
         vertex 1.008588e+01 9.621740e-01 7.322330e-01
         vertex 1.019316e+01 1.469474e+00 3.349365e-01
      endloop
   endfacet
   facet normal -1.108256e-01 -7.858366e-01 -6.084230e-01
      outer loop
         vertex 1.165105e+01 3.405655e-01 1.250000e+00
         vertex 1.008588e+01 9.621740e-01 7.322330e-01
         vertex 1.167960e+01 7.374135e-01 7.322330e-01
      endloop
   endfacet
   facet normal -8.505884e-02 -6.031314e-01 -7.930937e-01
      outer loop
         vertex 1.171680e+01 1.254596e+00 3.349365e-01
         vertex 1.167960e+01 7.374135e-01 7.322330e-01
         vertex 1.019316e+01 1.469474e+00 3.349365e-01
      endloop
   endfacet
   facet normal -2.788580e-03 -7.936080e-01 -6.084231e-01
      outer loop
         vertex 1.165105e+01 3.405655e-01 1.250000e+00
         vertex 1.167960e+01 7.374135e-01 7.322330e-01
         vertex 1.331484e+01 3.347192e-01 1.250000e+00
      endloop
   endfacet
   facet normal -1.108255e-01 -7.858365e-01 -6.084232e-01
      outer loop
         vertex 1.000356e+01 5.729093e-01 1.250000e+00
         vertex 1.008588e+01 9.621740e-01 7.322330e-01
         vertex 1.165105e+01 3.405655e-01 1.250000e+00
      endloop
   endfacet
   facet normal -5.348081e-02 -3.792193e-01 -9.237600e-01
      outer loop
         vertex 1.171680e+01 1.254596e+00 3.349365e-01
         vertex 1.019316e+01 1.469474e+00 3.349365e-01
         vertex 1.031808e+01 2.060237e+00 8.518543e-02
      endloop
   endfacet
   facet normal -2.140231e-03 -6.090959e-01 -7.930937e-01
      outer loop
         vertex 1.328908e+01 7.317581e-01 7.322330e-01
         vertex 1.167960e+01 7.374135e-01 7.322330e-01
         vertex 1.171680e+01 1.254596e+00 3.349365e-01
      endloop
   endfacet
   facet normal -2.788566e-03 -7.936079e-01 -6.084231e-01
      outer loop
         vertex 1.331484e+01 3.347192e-01 1.250000e+00
         vertex 1.167960e+01 7.374135e-01 7.322330e-01
         vertex 1.328908e+01 7.317581e-01 7.322330e-01
      endloop
   endfacet
   facet normal -1.290335e-01 -9.149450e-01 -3.823951e-01
      outer loop
         vertex 1.163311e+01 9.109633e-02 1.852952e+00
         vertex 1.000356e+01 5.729093e-01 1.250000e+00
         vertex 1.165105e+01 3.405655e-01 1.250000e+00
      endloop
   endfacet
   facet normal -2.140221e-03 -6.090959e-01 -7.930937e-01
      outer loop
         vertex 1.328908e+01 7.317581e-01 7.322330e-01
         vertex 1.171680e+01 1.254596e+00 3.349365e-01
         vertex 1.325551e+01 1.249189e+00 3.349365e-01
      endloop
   endfacet
   facet normal 8.081822e-02 -6.037142e-01 -7.930936e-01
      outer loop
         vertex 1.478063e+01 1.453354e+00 3.349365e-01
         vertex 1.328908e+01 7.317581e-01 7.322330e-01
         vertex 1.325551e+01 1.249189e+00 3.349365e-01
      endloop
   endfacet
   facet normal -1.663929e-01 -5.859316e-01 -7.930937e-01
      outer loop
         vertex 1.008588e+01 9.621740e-01 7.322330e-01
         vertex 8.537605e+00 1.401853e+00 7.322330e-01
         vertex 8.712962e+00 1.889820e+00 3.349365e-01
      endloop
   endfacet
   facet normal -2.446275e-01 -5.578170e-01 -7.930937e-01
      outer loop
         vertex 8.712962e+00 1.889820e+00 3.349365e-01
         vertex 8.537605e+00 1.401853e+00 7.322330e-01
         vertex 7.303791e+00 2.507803e+00 3.349365e-01
      endloop
   endfacet
   facet normal -2.167979e-01 -7.634263e-01 -6.084233e-01
      outer loop
         vertex 1.000356e+01 5.729093e-01 1.250000e+00
         vertex 8.537605e+00 1.401853e+00 7.322330e-01
         vertex 1.008588e+01 9.621740e-01 7.322330e-01
      endloop
   endfacet
   facet normal -1.663931e-01 -5.859318e-01 -7.930935e-01
      outer loop
         vertex 1.019316e+01 1.469474e+00 3.349365e-01
         vertex 1.008588e+01 9.621740e-01 7.322330e-01
         vertex 8.712962e+00 1.889820e+00 3.349365e-01
      endloop
   endfacet
   facet normal -1.046197e-01 -3.684049e-01 -9.237600e-01
      outer loop
         vertex 1.019316e+01 1.469474e+00 3.349365e-01
         vertex 8.712962e+00 1.889820e+00 3.349365e-01
         vertex 8.917170e+00 2.458069e+00 8.518543e-02
      endloop
   endfacet
   facet normal -1.046198e-01 -3.684049e-01 -9.237600e-01
      outer loop
         vertex 1.031808e+01 2.060237e+00 8.518543e-02
         vertex 1.019316e+01 1.469474e+00 3.349365e-01
         vertex 8.917170e+00 2.458069e+00 8.518543e-02
      endloop
   endfacet
   facet normal -3.568794e-02 -1.256705e-01 -9.914299e-01
      outer loop
         vertex 1.031808e+01 2.060237e+00 8.518543e-02
         vertex 8.917170e+00 2.458069e+00 8.518543e-02
         vertex 9.136311e+00 3.067876e+00 0.000000e+00
      endloop
   endfacet
   facet normal 1.226006e-01 -9.158292e-01 -3.823951e-01
      outer loop
         vertex 1.501395e+01 3.104199e-01 1.852952e+00
         vertex 1.331484e+01 3.347192e-01 1.250000e+00
         vertex 1.496392e+01 5.554795e-01 1.250000e+00
      endloop
   endfacet
   facet normal 1.053003e-01 -7.865959e-01 -6.084232e-01
      outer loop
         vertex 1.331484e+01 3.347192e-01 1.250000e+00
         vertex 1.328908e+01 7.317581e-01 7.322330e-01
         vertex 1.496392e+01 5.554795e-01 1.250000e+00
      endloop
   endfacet
   facet normal 1.226006e-01 -9.158292e-01 -3.823951e-01
      outer loop
         vertex 1.333103e+01 8.513017e-02 1.852952e+00
         vertex 1.331484e+01 3.347192e-01 1.250000e+00
         vertex 1.501395e+01 3.104199e-01 1.852952e+00
      endloop
   endfacet
   facet normal 2.461640e-01 -8.906051e-01 -3.823950e-01
      outer loop
         vertex 1.501395e+01 3.104199e-01 1.852952e+00
         vertex 1.496392e+01 5.554795e-01 1.250000e+00
         vertex 1.665052e+01 7.627688e-01 1.852952e+00
      endloop
   endfacet
   facet normal -3.246728e-03 -9.239932e-01 -3.823951e-01
      outer loop
         vertex 1.333103e+01 8.513017e-02 1.852952e+00
         vertex 1.165105e+01 3.405655e-01 1.250000e+00
         vertex 1.331484e+01 3.347192e-01 1.250000e+00
      endloop
   endfacet
   facet normal -3.246727e-03 -9.239932e-01 -3.823951e-01
      outer loop
         vertex 1.163311e+01 9.109633e-02 1.852952e+00
         vertex 1.165105e+01 3.405655e-01 1.250000e+00
         vertex 1.333103e+01 8.513017e-02 1.852952e+00
      endloop
   endfacet
   facet normal -1.824339e-02 -1.293594e-01 -9.914299e-01
      outer loop
         vertex 1.176012e+01 1.856868e+00 8.518543e-02
         vertex 1.031808e+01 2.060237e+00 8.518543e-02
         vertex 1.045215e+01 2.694203e+00 0.000000e+00
      endloop
   endfacet
   facet normal -5.348081e-02 -3.792193e-01 -9.237600e-01
      outer loop
         vertex 1.176012e+01 1.856868e+00 8.518543e-02
         vertex 1.171680e+01 1.254596e+00 3.349365e-01
         vertex 1.031808e+01 2.060237e+00 8.518543e-02
      endloop
   endfacet
   facet normal -1.824340e-02 -1.293594e-01 -9.914299e-01
      outer loop
         vertex 1.180662e+01 2.503185e+00 0.000000e+00
         vertex 1.176012e+01 1.856868e+00 8.518543e-02
         vertex 1.045215e+01 2.694203e+00 0.000000e+00
      endloop
   endfacet
   facet normal -1.345666e-03 -3.829695e-01 -9.237600e-01
      outer loop
         vertex 1.325551e+01 1.249189e+00 3.349365e-01
         vertex 1.171680e+01 1.254596e+00 3.349365e-01
         vertex 1.176012e+01 1.856868e+00 8.518543e-02
      endloop
   endfacet
   facet normal 1.824341e-02 1.293595e-01 -9.914299e-01
      outer loop
         vertex 1.180662e+01 2.503185e+00 0.000000e+00
         vertex 1.045215e+01 2.694203e+00 0.000000e+00
         vertex 1.058622e+01 3.328170e+00 8.518543e-02
      endloop
   endfacet
   facet normal -4.590388e-04 -1.306387e-01 -9.914299e-01
      outer loop
         vertex 1.321642e+01 1.851751e+00 8.518543e-02
         vertex 1.176012e+01 1.856868e+00 8.518543e-02
         vertex 1.180662e+01 2.503185e+00 0.000000e+00
      endloop
   endfacet
   facet normal -1.345680e-03 -3.829696e-01 -9.237600e-01
      outer loop
         vertex 1.325551e+01 1.249189e+00 3.349365e-01
         vertex 1.176012e+01 1.856868e+00 8.518543e-02
         vertex 1.321642e+01 1.851751e+00 8.518543e-02
      endloop
   endfacet
   facet normal 1.824339e-02 1.293594e-01 -9.914299e-01
      outer loop
         vertex 1.185311e+01 3.149502e+00 8.518543e-02
         vertex 1.180662e+01 2.503185e+00 0.000000e+00
         vertex 1.058622e+01 3.328170e+00 8.518543e-02
      endloop
   endfacet
   facet normal -4.590547e-04 -1.306387e-01 -9.914299e-01
      outer loop
         vertex 1.321642e+01 1.851751e+00 8.518543e-02
         vertex 1.180662e+01 2.503185e+00 0.000000e+00
         vertex 1.317447e+01 2.498378e+00 0.000000e+00
      endloop
   endfacet
   facet normal 5.081457e-02 -3.795858e-01 -9.237600e-01
      outer loop
         vertex 1.465985e+01 2.044981e+00 8.518543e-02
         vertex 1.325551e+01 1.249189e+00 3.349365e-01
         vertex 1.321642e+01 1.851751e+00 8.518543e-02
      endloop
   endfacet
   facet normal 4.590547e-04 1.306387e-01 -9.914299e-01
      outer loop
         vertex 1.317447e+01 2.498378e+00 0.000000e+00
         vertex 1.180662e+01 2.503185e+00 0.000000e+00
         vertex 1.185311e+01 3.149502e+00 8.518543e-02
      endloop
   endfacet
   facet normal 1.733387e-02 -1.294845e-01 -9.914299e-01
      outer loop
         vertex 1.453025e+01 2.679874e+00 0.000000e+00
         vertex 1.321642e+01 1.851751e+00 8.518543e-02
         vertex 1.317447e+01 2.498378e+00 0.000000e+00
      endloop
   endfacet
   facet normal 4.590489e-04 1.306387e-01 -9.914299e-01
      outer loop
         vertex 1.317447e+01 2.498378e+00 0.000000e+00
         vertex 1.185311e+01 3.149502e+00 8.518543e-02
         vertex 1.313253e+01 3.145006e+00 8.518543e-02
      endloop
   endfacet
   facet normal -1.733387e-02 1.294844e-01 -9.914299e-01
      outer loop
         vertex 1.453025e+01 2.679874e+00 0.000000e+00
         vertex 1.317447e+01 2.498378e+00 0.000000e+00
         vertex 1.440064e+01 3.314767e+00 8.518543e-02
      endloop
   endfacet
   facet normal -1.733386e-02 1.294844e-01 -9.914299e-01
      outer loop
         vertex 1.440064e+01 3.314767e+00 8.518543e-02
         vertex 1.317447e+01 2.498378e+00 0.000000e+00
         vertex 1.313253e+01 3.145006e+00 8.518543e-02
      endloop
   endfacet
   facet normal 1.345710e-03 3.829696e-01 -9.237600e-01
      outer loop
         vertex 1.313253e+01 3.145006e+00 8.518543e-02
         vertex 1.185311e+01 3.149502e+00 8.518543e-02
         vertex 1.189643e+01 3.751774e+00 3.349365e-01
      endloop
   endfacet
   facet normal 1.345693e-03 3.829696e-01 -9.237600e-01
      outer loop
         vertex 1.313253e+01 3.145006e+00 8.518543e-02
         vertex 1.189643e+01 3.751774e+00 3.349365e-01
         vertex 1.309344e+01 3.747568e+00 3.349365e-01
      endloop
   endfacet
   facet normal -5.081458e-02 3.795858e-01 -9.237600e-01
      outer loop
         vertex 1.427987e+01 3.906393e+00 3.349365e-01
         vertex 1.313253e+01 3.145006e+00 8.518543e-02
         vertex 1.309344e+01 3.747568e+00 3.349365e-01
      endloop
   endfacet
   facet normal 2.140264e-03 6.090959e-01 -7.930937e-01
      outer loop
         vertex 1.309344e+01 3.747568e+00 3.349365e-01
         vertex 1.189643e+01 3.751774e+00 3.349365e-01
         vertex 1.193363e+01 4.268956e+00 7.322330e-01
      endloop
   endfacet
   facet normal 2.140142e-03 6.090957e-01 -7.930938e-01
      outer loop
         vertex 1.309344e+01 3.747568e+00 3.349365e-01
         vertex 1.193363e+01 4.268956e+00 7.322330e-01
         vertex 1.305987e+01 4.264999e+00 7.322330e-01
      endloop
   endfacet
   facet normal -8.081820e-02 6.037140e-01 -7.930938e-01
      outer loop
         vertex 1.417616e+01 4.414434e+00 7.322330e-01
         vertex 1.309344e+01 3.747568e+00 3.349365e-01
         vertex 1.305987e+01 4.264999e+00 7.322330e-01
      endloop
   endfacet
   facet normal -2.524167e-01 -8.888531e-01 -3.823950e-01
      outer loop
         vertex 9.951812e+00 3.282072e-01 1.852952e+00
         vertex 8.403048e+00 1.027423e+00 1.250000e+00
         vertex 1.000356e+01 5.729093e-01 1.250000e+00
      endloop
   endfacet
   facet normal -2.524167e-01 -8.888531e-01 -3.823951e-01
      outer loop
         vertex 8.318463e+00 7.920459e-01 1.852952e+00
         vertex 8.403048e+00 1.027423e+00 1.250000e+00
         vertex 9.951812e+00 3.282072e-01 1.852952e+00
      endloop
   endfacet
   facet normal -1.290335e-01 -9.149450e-01 -3.823951e-01
      outer loop
         vertex 9.951812e+00 3.282072e-01 1.852952e+00
         vertex 1.000356e+01 5.729093e-01 1.250000e+00
         vertex 1.163311e+01 9.109633e-02 1.852952e+00
      endloop
   endfacet
   facet normal -2.708455e-01 -9.537479e-01 -1.304131e-01
      outer loop
         vertex 9.934161e+00 2.447439e-01 2.500000e+00
         vertex 8.318463e+00 7.920459e-01 1.852952e+00
         vertex 9.951812e+00 3.282072e-01 1.852952e+00
      endloop
   endfacet
   facet normal -3.710979e-01 -8.462035e-01 -3.823951e-01
      outer loop
         vertex 8.318463e+00 7.920459e-01 1.852952e+00
         vertex 6.879335e+00 1.695639e+00 1.250000e+00
         vertex 8.403048e+00 1.027423e+00 1.250000e+00
      endloop
   endfacet
   facet normal -2.708456e-01 -9.537479e-01 -1.304129e-01
      outer loop
         vertex 8.289612e+00 7.117634e-01 2.500000e+00
         vertex 8.318463e+00 7.920459e-01 1.852952e+00
         vertex 9.934161e+00 2.447439e-01 2.500000e+00
      endloop
   endfacet
   facet normal -3.710979e-01 -8.462035e-01 -3.823951e-01
      outer loop
         vertex 6.763487e+00 1.473972e+00 1.852952e+00
         vertex 6.879335e+00 1.695639e+00 1.250000e+00
         vertex 8.318463e+00 7.920459e-01 1.852952e+00
      endloop
   endfacet
   facet normal -3.981916e-01 -9.079845e-01 -1.304129e-01
      outer loop
         vertex 8.289612e+00 7.117634e-01 2.500000e+00
         vertex 6.763487e+00 1.473972e+00 1.852952e+00
         vertex 8.318463e+00 7.920459e-01 1.852952e+00
      endloop
   endfacet
   facet normal -4.828661e-01 -7.877908e-01 -3.823951e-01
      outer loop
         vertex 6.763487e+00 1.473972e+00 1.852952e+00
         vertex 5.460802e+00 2.565110e+00 1.250000e+00
         vertex 6.879335e+00 1.695639e+00 1.250000e+00
      endloop
   endfacet
   facet normal 3.480391e-02 -1.259182e-01 -9.914299e-01
      outer loop
         vertex 1.584868e+01 3.044290e+00 0.000000e+00
         vertex 1.465985e+01 2.044981e+00 8.518543e-02
         vertex 1.453025e+01 2.679874e+00 0.000000e+00
      endloop
   endfacet
   facet normal 1.733389e-02 -1.294845e-01 -9.914299e-01
      outer loop
         vertex 1.465985e+01 2.044981e+00 8.518543e-02
         vertex 1.321642e+01 1.851751e+00 8.518543e-02
         vertex 1.453025e+01 2.679874e+00 0.000000e+00
      endloop
   endfacet
   facet normal 3.480391e-02 -1.259182e-01 -9.914299e-01
      outer loop
         vertex 1.606353e+01 2.432958e+00 8.518543e-02
         vertex 1.465985e+01 2.044981e+00 8.518543e-02
         vertex 1.584868e+01 3.044290e+00 0.000000e+00
      endloop
   endfacet
   facet normal -3.480390e-02 1.259181e-01 -9.914299e-01
      outer loop
         vertex 1.584868e+01 3.044290e+00 0.000000e+00
         vertex 1.453025e+01 2.679874e+00 0.000000e+00
         vertex 1.563383e+01 3.655621e+00 8.518543e-02
      endloop
   endfacet
   facet normal 5.162559e-02 -1.200062e-01 -9.914299e-01
      outer loop
         vertex 1.710521e+01 3.584838e+00 0.000000e+00
         vertex 1.606353e+01 2.432958e+00 8.518543e-02
         vertex 1.584868e+01 3.044290e+00 0.000000e+00
      endloop
   endfacet
   facet normal 1.020282e-01 -3.691310e-01 -9.237600e-01
      outer loop
         vertex 1.606353e+01 2.432958e+00 8.518543e-02
         vertex 1.478063e+01 1.453354e+00 3.349365e-01
         vertex 1.465985e+01 2.044981e+00 8.518543e-02
      endloop
   endfacet
   facet normal 1.020281e-01 -3.691309e-01 -9.237601e-01
      outer loop
         vertex 1.626374e+01 1.863288e+00 3.349365e-01
         vertex 1.478063e+01 1.453354e+00 3.349365e-01
         vertex 1.606353e+01 2.432958e+00 8.518543e-02
      endloop
   endfacet
   facet normal 5.081451e-02 -3.795857e-01 -9.237600e-01
      outer loop
         vertex 1.478063e+01 1.453354e+00 3.349365e-01
         vertex 1.325551e+01 1.249189e+00 3.349365e-01
         vertex 1.465985e+01 2.044981e+00 8.518543e-02
      endloop
   endfacet
   facet normal 1.513410e-01 -3.517999e-01 -9.237601e-01
      outer loop
         vertex 1.740131e+01 3.008456e+00 8.518543e-02
         vertex 1.626374e+01 1.863288e+00 3.349365e-01
         vertex 1.606353e+01 2.432958e+00 8.518543e-02
      endloop
   endfacet
   facet normal 2.114277e-01 -7.649315e-01 -6.084227e-01
      outer loop
         vertex 1.656759e+01 9.987340e-01 1.250000e+00
         vertex 1.488434e+01 9.453132e-01 7.322330e-01
         vertex 1.643567e+01 1.374100e+00 7.322330e-01
      endloop
   endfacet
   facet normal 2.114278e-01 -7.649311e-01 -6.084231e-01
      outer loop
         vertex 1.496392e+01 5.554795e-01 1.250000e+00
         vertex 1.488434e+01 9.453132e-01 7.322330e-01
         vertex 1.656759e+01 9.987340e-01 1.250000e+00
      endloop
   endfacet
   facet normal 2.461641e-01 -8.906048e-01 -3.823956e-01
      outer loop
         vertex 1.665052e+01 7.627688e-01 1.852952e+00
         vertex 1.496392e+01 5.554795e-01 1.250000e+00
         vertex 1.656759e+01 9.987340e-01 1.250000e+00
      endloop
   endfacet
   facet normal 1.053003e-01 -7.865959e-01 -6.084231e-01
      outer loop
         vertex 1.496392e+01 5.554795e-01 1.250000e+00
         vertex 1.328908e+01 7.317581e-01 7.322330e-01
         vertex 1.488434e+01 9.453132e-01 7.322330e-01
      endloop
   endfacet
   facet normal 8.081823e-02 -6.037143e-01 -7.930936e-01
      outer loop
         vertex 1.488434e+01 9.453132e-01 7.322330e-01
         vertex 1.328908e+01 7.317581e-01 7.322330e-01
         vertex 1.478063e+01 1.453354e+00 3.349365e-01
      endloop
   endfacet
   facet normal 1.622712e-01 -5.870865e-01 -7.930936e-01
      outer loop
         vertex 1.626374e+01 1.863288e+00 3.349365e-01
         vertex 1.488434e+01 9.453132e-01 7.322330e-01
         vertex 1.478063e+01 1.453354e+00 3.349365e-01
      endloop
   endfacet
   facet normal -2.001346e-01 -3.265173e-01 -9.237600e-01
      outer loop
         vertex 7.303791e+00 2.507803e+00 3.349365e-01
         vertex 5.991895e+00 3.311913e+00 3.349365e-01
         vertex 6.341842e+00 3.803996e+00 8.518543e-02
      endloop
   endfacet
   facet normal -2.427312e-01 -2.962245e-01 -9.237600e-01
      outer loop
         vertex 6.341842e+00 3.803996e+00 8.518543e-02
         vertex 5.991895e+00 3.311913e+00 3.349365e-01
         vertex 5.215404e+00 4.727018e+00 8.518543e-02
      endloop
   endfacet
   facet normal -3.183052e-01 -5.193114e-01 -7.930936e-01
      outer loop
         vertex 7.303791e+00 2.507803e+00 3.349365e-01
         vertex 7.063623e+00 2.048259e+00 7.322330e-01
         vertex 5.991895e+00 3.311913e+00 3.349365e-01
      endloop
   endfacet
   facet normal -2.001347e-01 -3.265174e-01 -9.237600e-01
      outer loop
         vertex 7.583474e+00 3.042954e+00 8.518543e-02
         vertex 7.303791e+00 2.507803e+00 3.349365e-01
         vertex 6.341842e+00 3.803996e+00 8.518543e-02
      endloop
   endfacet
   facet normal -6.827003e-02 -1.113818e-01 -9.914299e-01
      outer loop
         vertex 7.583474e+00 3.042954e+00 8.518543e-02
         vertex 6.341842e+00 3.803996e+00 8.518543e-02
         vertex 6.717381e+00 4.332065e+00 0.000000e+00
      endloop
   endfacet
   facet normal -1.538097e-01 -3.507279e-01 -9.237600e-01
      outer loop
         vertex 8.712962e+00 1.889820e+00 3.349365e-01
         vertex 7.303791e+00 2.507803e+00 3.349365e-01
         vertex 7.583474e+00 3.042954e+00 8.518543e-02
      endloop
   endfacet
   facet normal -3.187320e-01 -7.267951e-01 -6.084232e-01
      outer loop
         vertex 8.403048e+00 1.027423e+00 1.250000e+00
         vertex 7.063623e+00 2.048259e+00 7.322330e-01
         vertex 8.537605e+00 1.401853e+00 7.322330e-01
      endloop
   endfacet
   facet normal -2.446276e-01 -5.578171e-01 -7.930936e-01
      outer loop
         vertex 8.537605e+00 1.401853e+00 7.322330e-01
         vertex 7.063623e+00 2.048259e+00 7.322330e-01
         vertex 7.303791e+00 2.507803e+00 3.349365e-01
      endloop
   endfacet
   facet normal -3.187320e-01 -7.267952e-01 -6.084231e-01
      outer loop
         vertex 6.879335e+00 1.695639e+00 1.250000e+00
         vertex 7.063623e+00 2.048259e+00 7.322330e-01
         vertex 8.403048e+00 1.027423e+00 1.250000e+00
      endloop
   endfacet
   facet normal -2.167980e-01 -7.634264e-01 -6.084231e-01
      outer loop
         vertex 8.403048e+00 1.027423e+00 1.250000e+00
         vertex 8.537605e+00 1.401853e+00 7.322330e-01
         vertex 1.000356e+01 5.729093e-01 1.250000e+00
      endloop
   endfacet
   facet normal -4.147286e-01 -6.766251e-01 -6.084231e-01
      outer loop
         vertex 6.879335e+00 1.695639e+00 1.250000e+00
         vertex 5.691389e+00 2.889352e+00 7.322330e-01
         vertex 7.063623e+00 2.048259e+00 7.322330e-01
      endloop
   endfacet
   facet normal -4.147285e-01 -6.766250e-01 -6.084232e-01
      outer loop
         vertex 5.460802e+00 2.565110e+00 1.250000e+00
         vertex 5.691389e+00 2.889352e+00 7.322330e-01
         vertex 6.879335e+00 1.695639e+00 1.250000e+00
      endloop
   endfacet
   facet normal -3.183052e-01 -5.193114e-01 -7.930936e-01
      outer loop
         vertex 7.063623e+00 2.048259e+00 7.322330e-01
         vertex 5.691389e+00 2.889352e+00 7.322330e-01
         vertex 5.991895e+00 3.311913e+00 3.349365e-01
      endloop
   endfacet
   facet normal -5.246760e-02 -1.196404e-01 -9.914299e-01
      outer loop
         vertex 8.917170e+00 2.458069e+00 8.518543e-02
         vertex 7.583474e+00 3.042954e+00 8.518543e-02
         vertex 7.883610e+00 3.617241e+00 0.000000e+00
      endloop
   endfacet
   facet normal -6.826995e-02 -1.113817e-01 -9.914299e-01
      outer loop
         vertex 7.883610e+00 3.617241e+00 0.000000e+00
         vertex 7.583474e+00 3.042954e+00 8.518543e-02
         vertex 6.717381e+00 4.332065e+00 0.000000e+00
      endloop
   endfacet
   facet normal -1.538096e-01 -3.507278e-01 -9.237600e-01
      outer loop
         vertex 8.917170e+00 2.458069e+00 8.518543e-02
         vertex 8.712962e+00 1.889820e+00 3.349365e-01
         vertex 7.583474e+00 3.042954e+00 8.518543e-02
      endloop
   endfacet
   facet normal -5.246768e-02 -1.196405e-01 -9.914299e-01
      outer loop
         vertex 9.136311e+00 3.067876e+00 0.000000e+00
         vertex 8.917170e+00 2.458069e+00 8.518543e-02
         vertex 7.883610e+00 3.617241e+00 0.000000e+00
      endloop
   endfacet
   facet normal 6.826999e-02 1.113818e-01 -9.914299e-01
      outer loop
         vertex 7.883610e+00 3.617241e+00 0.000000e+00
         vertex 6.717381e+00 4.332065e+00 0.000000e+00
         vertex 7.092921e+00 4.860135e+00 8.518543e-02
      endloop
   endfacet
   facet normal 8.280064e-02 1.010482e-01 -9.914299e-01
      outer loop
         vertex 7.092921e+00 4.860135e+00 8.518543e-02
         vertex 6.717381e+00 4.332065e+00 0.000000e+00
         vertex 6.103298e+00 5.671049e+00 8.518543e-02
      endloop
   endfacet
   facet normal 2.427314e-01 2.962246e-01 -9.237600e-01
      outer loop
         vertex 7.092921e+00 4.860135e+00 8.518543e-02
         vertex 6.103298e+00 5.671049e+00 8.518543e-02
         vertex 6.516990e+00 6.110897e+00 3.349365e-01
      endloop
   endfacet
   facet normal 3.568790e-02 1.256704e-01 -9.914299e-01
      outer loop
         vertex 1.045215e+01 2.694203e+00 0.000000e+00
         vertex 9.136311e+00 3.067876e+00 0.000000e+00
         vertex 9.355453e+00 3.677682e+00 8.518543e-02
      endloop
   endfacet
   facet normal 5.246763e-02 1.196404e-01 -9.914299e-01
      outer loop
         vertex 9.355453e+00 3.677682e+00 8.518543e-02
         vertex 9.136311e+00 3.067876e+00 0.000000e+00
         vertex 8.183746e+00 4.191528e+00 8.518543e-02
      endloop
   endfacet
   facet normal -3.568789e-02 -1.256704e-01 -9.914299e-01
      outer loop
         vertex 1.045215e+01 2.694203e+00 0.000000e+00
         vertex 1.031808e+01 2.060237e+00 8.518543e-02
         vertex 9.136311e+00 3.067876e+00 0.000000e+00
      endloop
   endfacet
   facet normal 3.568795e-02 1.256705e-01 -9.914299e-01
      outer loop
         vertex 1.058622e+01 3.328170e+00 8.518543e-02
         vertex 1.045215e+01 2.694203e+00 0.000000e+00
         vertex 9.355453e+00 3.677682e+00 8.518543e-02
      endloop
   endfacet
   facet normal 2.641363e-01 -9.556278e-01 -1.304131e-01
      outer loop
         vertex 1.667880e+01 6.822854e-01 2.500000e+00
         vertex 1.501395e+01 3.104199e-01 1.852952e+00
         vertex 1.665052e+01 7.627688e-01 1.852952e+00
      endloop
   endfacet
   facet normal 2.641363e-01 -9.556278e-01 -1.304132e-01
      outer loop
         vertex 1.503101e+01 2.268346e-01 2.500000e+00
         vertex 1.501395e+01 3.104199e-01 1.852952e+00
         vertex 1.667880e+01 6.822854e-01 2.500000e+00
      endloop
   endfacet
   facet normal 2.641363e-01 -9.556278e-01 1.304131e-01
      outer loop
         vertex 1.665052e+01 7.627688e-01 3.147048e+00
         vertex 1.503101e+01 2.268346e-01 2.500000e+00
         vertex 1.667880e+01 6.822854e-01 2.500000e+00
      endloop
   endfacet
   facet normal 1.315516e-01 -9.826935e-01 -1.304131e-01
      outer loop
         vertex 1.503101e+01 2.268346e-01 2.500000e+00
         vertex 1.333103e+01 8.513017e-02 1.852952e+00
         vertex 1.501395e+01 3.104199e-01 1.852952e+00
      endloop
   endfacet
   facet normal 2.641363e-01 -9.556278e-01 1.304132e-01
      outer loop
         vertex 1.501395e+01 3.104199e-01 3.147048e+00
         vertex 1.503101e+01 2.268346e-01 2.500000e+00
         vertex 1.665052e+01 7.627688e-01 3.147048e+00
      endloop
   endfacet
   facet normal 1.315516e-01 -9.826935e-01 1.304131e-01
      outer loop
         vertex 1.501395e+01 3.104199e-01 3.147048e+00
         vertex 1.333655e+01 0.000000e+00 2.500000e+00
         vertex 1.503101e+01 2.268346e-01 2.500000e+00
      endloop
   endfacet
   facet normal -3.483769e-03 -9.914536e-01 -1.304129e-01
      outer loop
         vertex 1.333655e+01 0.000000e+00 2.500000e+00
         vertex 1.163311e+01 9.109633e-02 1.852952e+00
         vertex 1.333103e+01 8.513017e-02 1.852952e+00
      endloop
   endfacet
   facet normal -3.483763e-03 -9.914536e-01 -1.304129e-01
      outer loop
         vertex 1.162699e+01 6.007060e-03 2.500000e+00
         vertex 1.163311e+01 9.109633e-02 1.852952e+00
         vertex 1.333655e+01 0.000000e+00 2.500000e+00
      endloop
   endfacet
   facet normal 1.315516e-01 -9.826936e-01 -1.304130e-01
      outer loop
         vertex 1.333655e+01 0.000000e+00 2.500000e+00
         vertex 1.333103e+01 8.513017e-02 1.852952e+00
         vertex 1.503101e+01 2.268346e-01 2.500000e+00
      endloop
   endfacet
   facet normal -3.483763e-03 -9.914536e-01 1.304130e-01
      outer loop
         vertex 1.333103e+01 8.513017e-02 3.147048e+00
         vertex 1.162699e+01 6.007060e-03 2.500000e+00
         vertex 1.333655e+01 0.000000e+00 2.500000e+00
      endloop
   endfacet
   facet normal -1.384542e-01 -9.817448e-01 -1.304131e-01
      outer loop
         vertex 1.162699e+01 6.007060e-03 2.500000e+00
         vertex 9.951812e+00 3.282072e-01 1.852952e+00
         vertex 1.163311e+01 9.109633e-02 1.852952e+00
      endloop
   endfacet
   facet normal -1.384542e-01 -9.817448e-01 -1.304130e-01
      outer loop
         vertex 9.934161e+00 2.447439e-01 2.500000e+00
         vertex 9.951812e+00 3.282072e-01 1.852952e+00
         vertex 1.162699e+01 6.007060e-03 2.500000e+00
      endloop
   endfacet
   facet normal -1.384542e-01 -9.817448e-01 1.304131e-01
      outer loop
         vertex 1.163311e+01 9.109633e-02 3.147048e+00
         vertex 9.934161e+00 2.447439e-01 2.500000e+00
         vertex 1.162699e+01 6.007060e-03 2.500000e+00
      endloop
   endfacet
   facet normal -1.384542e-01 -9.817448e-01 1.304130e-01
      outer loop
         vertex 9.951812e+00 3.282072e-01 3.147048e+00
         vertex 9.934161e+00 2.447439e-01 2.500000e+00
         vertex 1.163311e+01 9.109633e-02 3.147048e+00
      endloop
   endfacet
   facet normal -2.708456e-01 -9.537479e-01 1.304131e-01
      outer loop
         vertex 9.951812e+00 3.282072e-01 3.147048e+00
         vertex 8.289612e+00 7.117634e-01 2.500000e+00
         vertex 9.934161e+00 2.447439e-01 2.500000e+00
      endloop
   endfacet
   facet normal 1.538098e-01 3.507280e-01 -9.237600e-01
      outer loop
         vertex 9.355453e+00 3.677682e+00 8.518543e-02
         vertex 8.183746e+00 4.191528e+00 8.518543e-02
         vertex 8.463428e+00 4.726679e+00 3.349365e-01
      endloop
   endfacet
   facet normal 1.538098e-01 3.507280e-01 -9.237599e-01
      outer loop
         vertex 9.559661e+00 4.245932e+00 3.349365e-01
         vertex 9.355453e+00 3.677682e+00 8.518543e-02
         vertex 8.463428e+00 4.726679e+00 3.349365e-01
      endloop
   endfacet
   facet normal 1.046198e-01 3.684050e-01 -9.237599e-01
      outer loop
         vertex 1.058622e+01 3.328170e+00 8.518543e-02
         vertex 9.355453e+00 3.677682e+00 8.518543e-02
         vertex 9.559661e+00 4.245932e+00 3.349365e-01
      endloop
   endfacet
   facet normal 1.046196e-01 3.684049e-01 -9.237600e-01
      outer loop
         vertex 1.071115e+01 3.918933e+00 3.349365e-01
         vertex 1.058622e+01 3.328170e+00 8.518543e-02
         vertex 9.559661e+00 4.245932e+00 3.349365e-01
      endloop
   endfacet
   facet normal 1.663928e-01 5.859316e-01 -7.930937e-01
      outer loop
         vertex 1.071115e+01 3.918933e+00 3.349365e-01
         vertex 9.559661e+00 4.245932e+00 3.349365e-01
